22
28
21
8
11
21
13
11
25
16
6
19
12
28
10
11
3
18
14
25
11
18
5
23
18
17
30
13
22
6
23
30
15
7
8
30
15
7
18
16
30
10
21
15
19
14
20
19
20
12
12
7
13
19
13
29
21
16
21
12
24
18
24
0
22
0
22
12
12
9
18
17
13
7
12
0
0
0
8
19
9
7
15
19
18
12
14
11
23
16
14
23
0
0
19
19
22
15
19
19
0
25
15
5
30
12
18
16
7
9
14
14
21
12
22
7
25
24
18
18
23
18
18
3
14
10
16
6
5
10
18
21
13
21
0
14
18
21
16
0
28
7
0
9
13
9
0
16
6
15
22
16
15
18
27
23
12
24
13
15
19
20
27
19
13
17
0
11
13
15
17
14
10
21
21
28
22
18
17
24
15
26
20
13
11
28
11
19
0
12
24
23
17
16
26
24
13
19
22
11
10
9
11
30
20
5
30
30
20
16
30
15
30
21
9
14
18
19
22
0
19
24
30
20
17
14
17
17
23
30
29
30
26
20
28
17
30
17
24
20
30
16
20
21
11
30
26
25
30
21
21
20
28
17
0
17
14
17
9
29
20
17
25
11
2
20
11
17
21
13
27
13
29
13
12
13
22
22
13
10
16
18
6
14
13
15
16
16
28
19
24
14
6
